	Sum	Mean	Max	Min	Sd	Var	Nobs	CV	se	L95se	U95se
Jan-58	664200	21425.80645	29100	18200	3693.775642	13643978.49	31	0.172398442	663.4216898	20125.49994	22726.11296
Feb-58	858400	30657.14286	57200	19700	9395.011622	88266243.39	28	0.306454247	1775.490308	27177.18185	34137.10386
Mar-58	1521300	49074.19355	97500	30000	18472.3391	341227311.8	31	0.37641656	3317.730043	42571.44266	55576.94443
Apr-58	1251600	41720	67800	27600	11768.99492	138509241.4	30	0.282094797	2148.714665	37508.51926	45931.48074
May-58	662000	21354.83871	28900	17400	2872.842809	8253225.806	31	0.134528893	515.9778004	20343.52222	22366.1552
Jun-58	502100	16736.66667	22800	12400	3709.120477	13757574.71	30	0.22161644	677.1896512	15409.37495	18063.95838
Jul-58	671600	21664.51613	29200	12900	5273.61662	27811032.26	31	0.243421851	947.1695059	19808.0639	23520.96836
Aug-58	543900	17545.16129	23300	14000	2070.078696	4285225.806	31	0.117985732	371.7971094	16816.43896	18273.88362
Sep-58	357860	11928.66667	13700	9620	1194.604922	1427080.92	30	0.100145721	218.104021	11501.18279	12356.15055
Oct-58	320010	10322.90323	15200	7920	2025.960173	4104514.624	31	0.196258759	363.8731888	9609.711776	11036.09468
Nov-58	275000	9166.666667	11600	7950	999.6459143	999291.954	30	0.109052282	182.5095389	8808.94797	9524.385363
Dec-58	374060	12066.45161	16000	9760	1447.649931	2095690.323	31	0.119973127	260.0056031	11556.84063	12576.06259
Jan-59	564100	18196.77419	25000	12800	3254.994508	10594989.25	31	0.178877557	584.6142717	17050.93022	19342.61817
Feb-59	1045900	37353.57143	51800	21000	10775.94998	116121097.9	28	0.288485132	2036.463127	33362.1037	41345.03916
Mar-59	1349800	43541.93548	60700	21200	11333.3365	128444516.1	31	0.260285547	2035.527324	39552.30193	47531.56904
Apr-59	896500	29883.33333	49900	17300	9564.73708	91484195.4	30	0.320069283	1746.274085	26460.63613	33306.03054
May-59	601900	19416.12903	33300	11900	7000.052227	49000731.18	31	0.360527694	1257.246494	16951.9259	21880.33216
Jun-59	1031500	34383.33333	76700	15600	19188.77336	368209023	30	0.558083568	3503.374673	27516.71897	41249.94769
Jul-59	513600	16567.74194	19600	12800	1908.470085	3642258.065	31	0.115191925	342.771346	15895.9101	17239.57377
Aug-59	399700	12893.54839	16300	10800	1427.336794	2037290.323	31	0.110701628	256.3572559	12391.08817	13396.00861
Sep-59	396790	13226.33333	19000	9450	2852.907148	8139079.195	30	0.215699021	520.8671998	12205.43362	14247.23304
Oct-59	490790	15831.93548	26700	8810	4931.069809	24315449.46	31	0.311463486	885.6462824	14096.06877	17567.8022
Nov-59	520650	17355	32500	9750	5409.607513	29263853.45	30	0.311703112	987.6546874	15419.19681	19290.80319
Dec-59	531400	17141.93548	20300	13500	2317.005854	5368516.129	31	0.135165942	416.1465363	16326.28827	17957.58269
Jan-60	821000	26483.87097	34500	17800	4918.678466	24193397.85	31	0.185723547	883.4207314	24752.36633	28215.3756
Feb-60	1386600	47813.7931	54800	32800	5261.906508	27687660.1	29	0.11004997	977.1115085	45898.65455	49728.93166
Mar-60	1206400	38916.12903	46100	30800	4070.880067	16572064.52	31	0.1046065	731.1516439	37483.07181	40349.18625
Apr-60	1998700	66623.33333	158000	30100	39148.19486	1532581161	30	0.587604866	7147.449804	52614.33172	80632.33495
May-60	643100	20745.16129	27800	13800	4355.137863	18967225.81	31	0.209935117	782.2058513	19212.03782	22278.28476
Jun-60	424500	14150	19000	12200	1899.500842	3608103.448	30	0.134240342	346.7998197	13470.27235	14829.72765
Jul-60	424200	13683.87097	17300	12100	1453.753022	2113397.849	31	0.106238434	261.1017506	13172.11154	14195.6304
Aug-60	450100	14519.35484	17600	10600	1754.312658	3077612.903	31	0.1208258	315.0838549	13901.79048	15136.91919
Sep-60	399820	13327.33333	20300	9540	2819.779807	7951158.161	30	0.211578696	514.8190025	12318.28809	14336.37858
Oct-60	440960	14224.51613	20100	9930	3517.940533	12375905.59	31	0.247315304	631.8407719	12986.10822	15462.92404
Nov-60	324180	10806	13000	9620	944.3720775	891838.6207	30	0.087393307	172.4179632	10468.06079	11143.93921
Dec-60	377300	12170.96774	13600	10100	950.8569988	904129.0323	31	0.078125012	170.7789585	11836.24098	12505.6945
Jan-61	411300	13267.74194	17000	11500	1393.409989	1941591.398	31	0.105022392	250.2638219	12777.22484	13758.25903
Feb-61	849100	30325	108000	12100	28989.94238	840416759.3	28	0.955975017	5478.584147	19586.97507	41063.02493
Mar-61	1578000	50903.22581	141000	20200	36923.23102	1363324989	31	0.725361319	6631.60806	37905.27401	63901.1776
Apr-61	1617600	53920	76200	33000	13393.2407	179378896.6	30	0.248390963	2445.260017	49127.29037	58712.70963
May-61	904100	29164.51613	39900	15800	7035.081065	49492365.59	31	0.241220565	1263.537859	26687.98192	31641.05033
Jun-61	582500	19416.66667	29900	12200	5619.429553	31577988.51	30	0.289412681	1025.962776	17405.77963	21427.55371
Jul-61	623300	20106.45161	29700	14200	3877.278726	15033290.32	31	0.192837543	696.3798167	18741.54717	21471.35605
Aug-61	497900	16061.29032	26900	12100	4162.185117	17323784.95	31	0.259143882	747.550515	14596.09131	17526.48933
Sep-61	467800	15593.33333	26200	10200	3863.528255	14926850.57	30	0.247767951	705.3805255	14210.7875	16975.87916
Oct-61	274670	8860.322581	10600	7430	844.0714183	712456.5591	31	0.095264186	151.599702	8563.187165	9157.457997
Nov-61	279840	9328	10300	8410	606.8539562	368271.7241	30	0.065057242	110.795867	9110.840101	9545.159899
Dec-61	918000	29612.90323	67000	10000	19154.42059	366891828	31	0.646826839	3440.235494	22870.04166	36355.76479
Jan-62	993800	32058.06452	46700	20700	7371.782878	54343182.8	31	0.229950965	1324.01129	29463.00239	34653.12664
Feb-62	853300	30475	60600	16900	12792.63749	163651574.1	28	0.419774815	2417.581245	25736.54076	35213.45924
Mar-62	1344500	43370.96774	60600	32200	9008.151625	81146795.7	31	0.207700037	1617.911793	40199.86063	46542.07486
Apr-62	1568700	52290	77000	30900	13696.22022	187586448.3	30	0.261928098	2500.576255	47388.87054	57191.12946
May-62	568700	18345.16129	34100	10300	6746.151432	45510559.14	31	0.367734648	1211.644565	15970.33794	20719.98464
Jun-62	441300	14710	19800	10300	2300.427247	5291965.517	30	0.156385265	419.9986316	13886.80268	15533.19732
Jul-62	389590	12567.41935	17200	9720	2182.597791	4763733.118	31	0.17367112	392.0061355	11799.08733	13335.75138
Aug-62	314870	10157.09677	12000	9370	575.4835274	331181.2903	31	0.05665827	103.3598928	9954.511384	10359.68216
Sep-62	282950	9431.666667	10100	8870	358.1473722	128269.5402	30	0.037972862	65.38846489	9303.505275	9559.828058
Oct-62	277930	8965.483871	11400	6280	1291.907733	1669025.591	31	0.144097937	232.0334786	8510.698253	9420.269489
Nov-62	294480	9816	19500	6560	3446.827227	11880617.93	30	0.351143768	629.3016746	8582.568718	11049.43128
Dec-62	390300	12590.32258	22400	10100	3137.977569	9846903.226	31	0.249237265	563.5974091	11485.67166	13694.9735
Jan-63	873500	28177.41935	67100	11000	17933.18543	321599139.8	31	0.636438178	3220.895186	21864.46479	34490.37392
Feb-63	881700	31489.28571	50300	20800	8988.442756	80792103.17	28	0.285444479	1698.656015	28159.91993	34818.6515
Mar-63	743700	23990.32258	30300	20800	2709.041016	7338903.226	31	0.112922242	486.5581299	23036.66865	24943.97652
Apr-63	645800	21526.66667	34100	10200	9405.718486	88467540.23	30	0.436933346	1717.241395	18160.87353	24892.4598
May-63	637400	20561.29032	40100	10300	9461.700954	89523784.95	31	0.460170583	1699.371658	17230.52187	23892.05877
Jun-63	525500	17516.66667	33800	9400	7739.646403	59902126.44	30	0.441844704	1413.059641	14747.06977	20286.26356
Jul-63	559900	18061.29032	30200	10300	5542.422901	30718451.61	31	0.306867494	995.4485391	16110.21119	20012.36946
Aug-63	387210	12490.64516	20200	8310	3982.224617	15858112.9	31	0.318816568	715.2286551	11088.797	13892.49333
Sep-63	264560	8818.666667	9880	8140	480.0124519	230411.954	30	0.054431409	87.6378826	8646.896417	8990.436917
Oct-63	289360	9334.193548	10800	7450	904.2557684	817678.4946	31	0.096875618	162.4091304	9015.871653	9652.515444
Nov-63	266570	8885.666667	9130	8710	80.97182709	6556.436782	30	0.009112634	14.78336541	8856.69127	8914.642063
Dec-63	525200	16941.93548	34600	8970	8665.297617	75087382.8	31	0.511470347	1556.333396	13891.52203	19992.34894
Jan-64	1532800	49445.16129	74000	17900	18507.50908	342527892.5	31	0.374303746	3324.046759	42930.02964	55960.29294
Feb-64	1426800	49200	86600	37100	12464.7503	155370000	29	0.253348583	2314.646022	44663.2938	53736.7062
Mar-64	2023800	65283.87097	105000	49100	14081.95291	198301397.8	31	0.2157034	2529.193406	60326.65189	70241.09004
Apr-64	1991900	66396.66667	142000	32500	32373.0889	1048016885	30	0.487570996	5910.490349	54812.10558	77981.22775
May-64	1523000	49129.03226	92600	21100	23622.64723	558029462.4	31	0.48082867	4242.752691	40813.23698	57444.82753
Jun-64	497700	16590	23200	12200	3331.081423	11096103.45	30	0.200788513	608.1694788	15397.98782	17782.01218
Jul-64	772800	24929.03226	36900	14000	7802.91371	60885462.37	31	0.313005079	1401.444674	22182.2007	27675.86382
Aug-64	881300	28429.03226	38400	17600	6007.22862	36086795.7	31	0.211306124	1078.930111	26314.32924	30543.73528
Sep-64	531700	17723.33333	24900	12800	3081.388327	9494954.023	30	0.173860541	562.5819651	16620.67268	18825.99398
Oct-64	1196100	38583.87097	69200	13300	15154.07749	229646064.5	31	0.392756795	2721.752664	33249.23575	43918.50619
Nov-64	635400	21180	27200	17900	2435.144972	5929931.034	30	0.114973795	444.5946106	20308.59456	22051.40544
Dec-64	1199600	38696.77419	97100	21900	20660.80805	426868989.2	31	0.533915513	3710.79067	31423.62448	45969.92391
Jan-65	1229700	39667.74194	77000	22700	14784.39238	218578258.1	31	0.372705671	2655.355259	34463.24563	44872.23824
Feb-65	1420500	50732.14286	76000	32200	13747.513	188994113.8	28	0.270982305	2598.035754	45639.99278	55824.29293
Mar-65	1554000	50129.03226	64300	38600	7934.78391	62960795.7	31	0.158287195	1425.129261	47335.77891	52922.28561
Apr-65	1218500	40616.66667	59600	27400	10088.06339	101769023	30	0.248372509	1841.81996	37006.69954	44226.63379
May-65	561500	18112.90323	31500	11900	4683.28531	21933161.29	31	0.258560721	841.1428725	16464.2632	19761.54326
Jun-65	788100	26270	44800	12800	10996.27366	120918034.5	30	0.41858674	2007.635711	22335.03401	30204.96599
Jul-65	653700	21087.09677	30600	13900	4320.55104	18667161.29	31	0.204890748	775.9938745	19566.14878	22608.04477
Aug-65	455300	14687.09677	18600	12200	1952.731751	3813161.29	31	0.132955599	350.7209759	13999.68366	15374.50989
Sep-65	402200	13406.66667	20400	12200	1558.720371	2429609.195	30	0.116264573	284.5821027	12848.88575	13964.44759
Oct-65	544100	17551.6129	33700	11700	6555.296635	42971913.98	31	0.373486851	1177.366032	15243.97548	19859.25033
Nov-65	402500	13416.66667	16600	11900	1481.863536	2195919.54	30	0.110449456	270.5500287	12886.38861	13946.94472
Dec-65	505000	16290.32258	25000	11400	4010.183274	16081569.89	31	0.246169666	720.2501781	14878.63223	17702.01293
Jan-66	1021900	32964.51613	50400	12400	11971.31428	143312365.6	31	0.363157591	2150.111517	28750.29756	37178.7347
Feb-66	1548000	55285.71429	124000	15900	35643.54094	1270462011	28	0.644715211	6735.996083	42083.16196	68488.26661
Mar-66	2220500	71629.03226	150000	27200	36355.88163	1321750129	31	0.507557906	6529.7091	58830.80242	84427.26209
Apr-66	753500	25116.66667	39300	15800	6078.003491	36942126.44	30	0.241990849	1109.686539	22941.68105	27291.65228
May-66	867900	27996.77419	43000	15200	9757.611862	95210989.25	31	0.348526291	1752.518826	24561.8373	31431.71109
Jun-66	660300	22010	38100	12300	6449.076384	41590586.21	30	0.293006651	1177.43487	19702.22765	24317.77235
Jul-66	422700	13635.48387	17200	11600	1317.965196	1737032.258	31	0.096657017	236.7135371	13171.52534	14099.4424
Aug-66	522100	16841.93548	25900	13100	3123.222075	9754516.129	31	0.18544318	560.9472441	15742.47889	17941.39208
Sep-66	371800	12393.33333	15200	11700	727.7425337	529609.1954	30	0.058720484	132.8670006	12132.91401	12653.75265
Oct-66	412900	13319.35484	25600	11700	3446.681433	11879612.9	31	0.258772401	619.0422598	12106.03201	14532.67767
Nov-66	614200	20473.33333	31900	13500	4891.014515	23922022.99	30	0.238896834	892.972993	18723.10627	22223.5604
Dec-66	558100	18003.22581	30400	13000	4219.358867	17802989.25	31	0.234366825	757.8192236	16517.90013	19488.55148
Jan-67	1451000	46806.45161	88300	23800	17649.81464	311515957	31	0.377080809	3170.00029	40593.25104	53019.65218
Feb-67	1007200	35971.42857	47400	24500	7656.895084	58628042.33	28	0.212860467	1447.017158	33135.27494	38807.5822
Mar-67	755500	24370.96774	31800	15700	4919.430424	24200795.7	31	0.201856179	883.5557871	22639.1984	26102.73708
Apr-67	440400	14680	18900	12500	1831.600017	3354758.621	30	0.124768393	334.4028818	14024.57035	15335.42965
May-67	422900	13641.93548	15600	12500	648.985975	421182.7957	31	0.047572866	116.561322	13413.47529	13870.39568
Jun-67	479300	15976.66667	24300	12700	3209.542167	10301160.92	30	0.200889349	585.979548	14828.14675	17125.18658
Jul-67	659000	21258.06452	30400	14000	4947.37467	24476516.13	31	0.232729309	888.5747219	19516.45806	22999.67097
Aug-67	511600	16503.22581	29200	12000	5258.230619	27648989.25	31	0.318618353	944.4060985	14652.18985	18354.26176
Sep-67	573300	19110	29600	12200	5340.628272	28522310.34	30	0.279467727	975.0608587	17198.88072	21021.11928
Oct-67	393800	12703.22581	15000	12000	732.7955017	536989.2473	31	0.057685781	131.6139574	12445.26245	12961.18916
Nov-67	503400	16780	24700	12200	3882.089732	15070620.69	30	0.231352189	708.7693722	15390.81203	18169.18797
Dec-67	891600	28761.29032	37200	19800	4717.88635	22258451.61	31	0.164035977	847.3574028	27100.46981	30422.11083
Jan-68	939600	30309.67742	36100	21300	4688.806162	21984903.23	31	0.15469667	842.1344469	28659.0939	31960.26094
Feb-68	515200	17765.51724	24300	14500	2600.037893	6760197.044	29	0.146353065	482.8149158	16819.20001	18711.83448
Mar-68	928600	29954.83871	71300	15100	16171.51485	261517892.5	31	0.539863192	2904.489808	24262.03869	35647.63873
Apr-68	584200	19473.33333	29100	14100	4362.135932	19028229.89	30	0.224005611	796.4134162	17912.36304	21034.30363
May-68	424500	13693.54839	17300	12100	1463.770356	2142623.656	31	0.106894891	262.9009169	13178.26259	14208.83418
Jun-68	370600	12353.33333	18400	10700	1632.584863	2665333.333	30	0.132157436	298.0678521	11769.12034	12937.54632
Jul-68	348400	11238.70968	11800	10300	458.7500549	210451.6129	31	0.040818748	82.39394217	11077.21755	11400.2018
Aug-68	334000	10774.19355	11200	9700	309.8039616	95978.49462	31	0.02875426	55.64243409	10665.13438	10883.25272
Sep-68	273820	9127.333333	10900	8340	556.1625496	309316.7816	30	0.060933739	101.5409247	8928.313121	9326.353546
Oct-68	240890	7770.645161	8600	6430	666.4429732	444146.2366	31	0.085764175	119.6966915	7536.039646	8005.250677
Nov-68	272480	9082.666667	14000	7180	2273.939212	5170799.54	30	0.250360307	415.1626003	8268.94797	9896.385363
Dec-68	403400	13012.90323	19500	11700	1604.523176	2574494.624	31	0.123302475	288.1808697	12448.06872	13577.73773
Jan-69	487300	15719.35484	28900	11000	5177.928759	26810946.24	31	0.3293983	929.9834587	13896.58726	17542.12242
Feb-69	539200	19257.14286	25700	12900	4784.49878	22891428.57	28	0.248453201	904.1852799	17484.93971	21029.34601
Mar-69	750000	24193.54839	50000	15200	10055.77564	101118623.7	31	0.415638726	1806.07062	20653.64997	27733.4468
Apr-69	913000	30433.33333	73200	18000	15733.47701	247542298.9	30	0.51698172	2872.526756	24803.18089	36063.48577
May-69	668100	21551.6129	42000	11700	9386.368519	88103913.98	31	0.435529747	1685.841553	18247.36346	24855.86235
Jun-69	423400	14113.33333	20100	11000	2096.258298	4394298.851	30	0.148530347	382.722652	13363.19694	14863.46973
Jul-69	355090	11454.51613	14500	9990	1167.70384	1363532.258	31	0.10194266	209.7258009	11043.45356	11865.5787
Aug-69	410900	13254.83871	20100	11200	2505.439244	6277225.806	31	0.189020727	449.9901722	12372.85797	14136.81945
Sep-69	440200	14673.33333	34500	11200	6090.010664	37088229.89	30	0.415039346	1111.878739	12494.05101	16852.61566
Oct-69	396300	12783.87097	20500	11100	2586.902495	6692064.516	31	0.202356743	464.6214038	11873.21302	13694.52892
Nov-69	325500	10850	11400	10400	247.400276	61206.89655	30	0.022801869	45.16890396	10761.46895	10938.53105
Dec-69	405000	13064.51613	18300	10300	2219.091163	4924365.591	31	0.169856361	398.5605386	12283.33747	13845.69478
Jan-70	557700	17990.32258	22100	13700	2555.041401	6528236.559	31	0.142023101	458.8989825	17090.88058	18889.76459
Feb-70	650100	23217.85714	32300	16700	3714.341931	13796335.98	28	0.15997781	701.9446452	21842.04564	24593.66865
Mar-70	1184000	38193.54839	99000	19500	24282.09128	589619957	31	0.635764214	4361.192338	29645.6114	46741.48537
Apr-70	1161700	38723.33333	92000	17800	24285.72283	589796333.3	30	0.627159925	4433.946073	30032.79903	47413.86764
May-70	417300	13461.29032	19900	11400	2448.493063	5995118.28	31	0.181891409	439.7623361	12599.35614	14323.2245
Jun-70	526500	17550	31500	11900	6311.224265	39831551.72	30	0.359613918	1152.266632	15291.5574	19808.4426
Jul-70	407200	13135.48387	19500	11100	2100.087044	4410365.591	31	0.159878925	377.1867678	12396.19781	13874.76994
Aug-70	546600	17632.25806	27200	13200	3606.049278	13003591.4	31	0.204514321	647.6655698	16362.83355	18901.68258
Sep-70	399400	13313.33333	20800	10900	2663.512502	7094298.851	30	0.200063533	486.2886266	12360.20763	14266.45904
Oct-70	322460	10401.93548	12200	9960	484.3237165	234569.4624	31	0.046560923	86.98710738	10231.44075	10572.43021
Nov-70	462100	15403.33333	19600	12700	1840.44285	3387229.885	30	0.119483414	336.017355	14744.73932	16061.92735
Dec-70	464590	14986.77419	26800	9750	5505.600414	30311635.91	31	0.36736394	988.8350251	13048.65754	16924.89084
Jan-71	934600	30148.3871	49600	19400	8995.327341	80915913.98	31	0.298368444	1615.608484	26981.79447	33314.97973
Feb-71	1016200	36292.85714	52700	20800	9629.004355	92717724.87	28	0.265314035	1819.710778	32726.22402	39859.49027
Mar-71	2093800	67541.93548	134000	29500	31026.96434	962672516.1	31	0.459373338	5572.607301	56619.62517	78464.24579
Apr-71	1120600	37353.33333	73800	17300	16793.58936	282024643.7	30	0.449587436	3066.075905	31343.82456	43362.84211
May-71	990700	31958.06452	44600	17200	8084.090309	65352516.13	31	0.252959321	1451.945482	29112.25137	34803.87766
Jun-71	518300	17276.66667	21500	13100	2243.255537	5032195.402	30	0.129843076	409.5605532	16473.92798	18079.40535
Jul-71	670700	21635.48387	28400	14000	4025.961449	16208365.59	31	0.186081415	723.0840221	20218.23919	23052.72855
Aug-71	848400	27367.74194	44900	15800	8090.17458	65450924.73	31	0.295609868	1453.038249	24519.78697	30215.6969
Sep-71	452900	15096.66667	25000	11100	3874.361646	15010678.16	30	0.256636894	707.3584231	13710.24416	16483.08918
Oct-71	430400	13883.87097	15500	12600	772.052146	596064.5161	31	0.055607845	138.6646589	13612.08824	14155.6537
Nov-71	380100	12670	16900	12300	815.0100486	664241.3793	30	0.064325971	148.7997961	12378.3524	12961.6476
Dec-71	977100	31519.35484	48400	15100	8504.838598	72332279.57	31	0.269829083	1527.514105	28525.42719	34513.28248
Jan-72	1410600	45503.22581	105000	20900	24084.51071	580063655.9	31	0.52929238	4325.705819	37024.8424	53981.60921
Feb-72	1318700	45472.41379	59400	29300	9922.481564	98455640.39	29	0.218208816	1842.55857	41860.999	49083.82859
Mar-72	1093000	35258.06452	49500	21600	7416.323177	55001849.46	31	0.210344024	1332.010964	32647.32303	37868.80601
Apr-72	672500	22416.66667	34700	13200	6876.701461	47289022.99	30	0.306767351	1255.508171	19955.87065	24877.46268
May-72	517600	16696.77419	28000	12700	4279.757304	18316322.58	31	0.256322404	768.6671032	15190.18667	18203.36172
Jun-72	561200	18706.66667	36500	13400	7162.013459	51294436.78	30	0.382858881	1307.598776	16143.77307	21269.56027
Jul-72	596300	19235.48387	40200	13500	7251.140066	52579032.26	31	0.376966866	1302.343202	16682.8912	21788.07655
Aug-72	450000	14516.12903	20700	13000	1980.925167	3924064.516	31	0.136463734	355.7846629	13818.79109	15213.46697
Sep-72	344300	11476.66667	13000	10400	820.2957134	672885.0575	30	0.071475084	149.764822	11183.12762	11770.20572
Oct-72	310370	10011.93548	10200	9820	77.39161689	5989.462366	31	0.007729936	13.89994473	9984.691592	10039.17938
Nov-72	321230	10707.66667	12500	9910	861.4249756	742052.9885	30	0.080449364	157.2739636	10399.4097	11015.92364
Dec-72	1036500	33435.48387	76600	12200	15764.86702	248531032.3	31	0.471501088	2831.453703	27885.83461	38985.13313
Jan-73	1437900	46383.87097	64100	22300	11080.01495	122766731.2	31	0.238876461	1990.029431	42483.41328	50284.32865
Feb-73	1774000	63357.14286	92900	29000	17902.15027	320486984.1	28	0.282559305	3383.188395	56726.0936	69988.19211
Mar-73	1402100	45229.03226	62400	21500	11294.28155	127560795.7	31	0.249713093	2028.512849	41253.14707	49204.91744
Apr-73	2219200	73973.33333	140000	27300	30903.94388	955053747.1	30	0.417771411	5642.262392	62914.49904	85032.16762
May-73	1232600	39761.29032	71500	18400	14172.03061	200846451.6	31	0.356427835	2545.371838	34772.36152	44750.21913
Jun-73	1272300	42410	76600	26500	12014.94328	144358862.1	30	0.283304487	2193.618488	38110.50776	46709.49224
Jul-73	608700	19635.48387	25100	15400	2126.428678	4521698.925	31	0.108295201	381.917865	18886.92486	20384.04289
Aug-73	607400	19593.54839	26800	15800	2572.279856	6616623.656	31	0.131281981	461.9951004	18688.03799	20499.05878
Sep-73	450600	15020	17900	13700	1125.993814	1267862.069	30	0.074966299	205.5774038	14617.06829	15422.93171
Oct-73	401400	12948.3871	16500	11500	1313.994157	1726580.645	31	0.101479369	236.0003175	12485.82647	13410.94772
Nov-73	398000	13266.66667	23400	11700	3353.365097	11245057.47	30	0.252766213	612.2379023	12066.68038	14466.65296
Dec-73	551700	17796.77419	27200	14300	3445.720425	11872989.25	31	0.193614887	618.8696576	16583.78966	19009.75872
Jan-74	1225400	39529.03226	56300	22000	10336.12415	106835462.4	31	0.261481841	1856.422699	35890.44377	43167.62075
Feb-74	1576300	56296.42857	69500	44500	7083.495796	50175912.7	28	0.125824959	1338.654878	53672.66501	58920.19213
Mar-74	816500	26338.70968	44100	16900	6813.989405	46430451.61	31	0.258706273	1223.828625	23940.00557	28737.41378
Apr-74	1229100	40970	76300	16200	19295.54442	372318034.5	30	0.470967645	3522.868313	34065.17811	47874.82189
May-74	573800	18509.67742	22600	13400	2628.098785	6906903.226	31	0.141985121	472.0204761	17584.51729	19434.83755
Jun-74	496200	16540	24100	11900	2869.410609	8233517.241	30	0.173483108	523.8803057	15513.1946	17566.8054
Jul-74	397300	12816.12903	17700	11600	1432.968196	2053397.849	31	0.111809751	257.3686856	12311.68641	13320.57166
Aug-74	485700	15667.74194	20100	12300	2543.145965	6467591.398	31	0.162317325	456.7624991	14772.48744	16562.99643
Sep-74	475500	15850	26500	12100	4356.663545	18980517.24	30	0.274868362	795.4142996	14290.98797	17409.01203
Oct-74	357300	11525.80645	12200	10200	540.3503443	291978.4946	31	0.046881782	97.04978679	11335.58887	11716.02403
Nov-74	357600	11920	12900	11300	454.4037397	206482.7586	30	0.038121119	82.96239281	11757.39371	12082.60629
Dec-74	653000	21064.51613	38300	12300	7050.037749	49703032.26	31	0.334687856	1266.224159	18582.71678	23546.31548
Jan-75	1131400	36496.77419	68800	14600	13939.33245	194304989.2	31	0.381933274	2503.578015	31589.76128	41403.7871
Feb-75	1411200	50400	113000	21600	28230.80797	796978518.5	28	0.560135079	5335.121228	39943.16239	60856.83761
Mar-75	1832900	59125.80645	107000	22300	25908.35088	671242645.2	31	0.438190233	4653.277184	50005.38317	68246.22973
Apr-75	1854700	61823.33333	114000	28600	22036.9233	485625988.5	30	0.356449937	4023.37333	53937.52161	69709.14506
May-75	827300	26687.09677	33800	19700	4455.91307	19855161.29	31	0.16696882	800.3056128	25118.49777	28255.69578
Jun-75	775900	25863.33333	39800	16400	7544.05376	56912747.13	30	0.291689152	1377.349473	23163.72837	28562.9383
Jul-75	796300	25687.09677	47400	16000	7130.906531	50849827.96	31	0.277606558	1280.748621	23176.82948	28197.36407
Aug-75	903600	29148.3871	50100	14200	10628.66787	112968580.6	31	0.36464	1908.965103	25406.8155	32889.9587
Sep-75	543600	18120	27600	14600	3612.755181	13052000	30	0.199379425	659.5958358	16827.19216	19412.80784
Oct-75	862800	27832.25806	45400	14800	10394.33779	108042258.1	31	0.37346369	1866.878178	24173.17684	31491.33929
Nov-75	703100	23436.66667	32100	15300	5548.313402	30783781.61	30	0.236736456	1012.978802	21451.22821	25422.10512
Dec-75	659700	21280.64516	28500	14400	4183.174182	17498946.24	31	0.196571775	751.3202624	19808.05745	22753.23288
Jan-76	951700	30700	54700	18700	8020.34912	64326000	31	0.261249157	1440.497226	27876.62544	33523.37456
Feb-76	986900	34031.03448	61100	20200	11934.5867	142434359.6	29	0.350697147	2216.197113	29687.28814	38374.78082
Mar-76	1108100	35745.16129	55300	17900	14142.43823	200008559.1	31	0.395646228	2540.05689	30766.64979	40723.67279
Apr-76	823900	27463.33333	53900	15900	13260.14207	175831367.8	30	0.482830759	2420.959643	22718.25243	32208.41423
May-76	1069500	34500	58100	17500	12317.41315	151718666.7	31	0.357026468	2212.272709	30163.94549	38836.05451
Jun-76	878700	29290	49300	20100	8363.811621	69953344.83	30	0.285551779	1527.016097	26297.04845	32282.95155
Jul-76	659100	21261.29032	29500	14600	5712.423737	32631784.95	31	0.26867719	1025.981591	19250.36641	23272.21424
Aug-76	483400	15593.54839	18300	14000	1435.719444	2061290.323	31	0.092071375	257.8628244	15088.13725	16098.95952
Sep-76	425500	14183.33333	16800	13500	762.5200205	581436.7816	30	0.053761694	139.2164719	13910.46905	14456.19762
Oct-76	532300	17170.96774	24200	13300	3294.358162	10852795.7	31	0.19185629	591.6841927	16011.26672	18330.66876
Nov-76	543000	18100	48200	13400	7463.150855	55698620.69	30	0.412328777	1362.578691	15429.34577	20770.65423
Dec-76	1265100	40809.67742	58300	28600	7504.236796	56313569.89	31	0.183883757	1347.800716	38167.98802	43451.36682
Jan-77	1209500	39016.12903	61000	23200	11377.29015	129442731.2	31	0.291604791	2043.421634	35011.02263	43021.23543
Feb-77	636900	22746.42857	29000	17700	3438.290073	11821838.62	28	0.151157359	649.7757477	21472.86811	24019.98904
Mar-77	1550000	50000	64600	26900	11753.66609	138148666.7	31	0.235073322	2111.020749	45862.39933	54137.60067
Apr-77	1159900	38663.33333	65400	21600	14655.59757	214786540.2	30	0.379056752	2675.733795	33418.8951	43907.77157
May-77	506400	16335.48387	28100	13600	3861.307929	14909698.92	31	0.236375485	693.5113769	14976.20157	17694.76617
Jun-77	410600	13686.66667	15100	12600	563.0785658	317057.4713	30	0.041140665	102.8036107	13485.17159	13888.16174
Jul-77	351800	11348.3871	12900	10800	450.0895968	202580.6452	31	0.039661107	80.83847798	11189.94368	11506.83051
Aug-77	444600	14341.93548	24800	11000	3141.101101	9866516.129	31	0.219015147	564.158412	13236.185	15447.68597
Sep-77	383200	12773.33333	15800	11300	885.1001632	783402.2989	30	0.06929281	161.5964417	12456.60431	13090.06236
Oct-77	345700	11151.6129	12400	10500	530.3275515	281247.3118	31	0.04755613	95.24964005	10964.92361	11338.3022
Nov-77	753300	25110	41400	10400	10343.15866	106980931	30	0.411913925	1888.393771	21408.74821	28811.25179
Dec-77	607500	19596.77419	27900	15500	3161.907006	9997655.914	31	0.161348341	567.8952628	18483.69948	20709.84891
Jan-78	1481900	47803.22581	167000	18900	41626.75809	1732786989	31	0.870793914	7476.38646	33149.50835	62456.94327
Feb-78	1285600	45914.28571	94300	21700	25719.89739	661513121.7	28	0.560172003	4860.603731	36387.5024	55441.06903
Mar-78	1415600	45664.51613	70100	24000	16144.40147	260641698.9	31	0.353543689	2899.620103	39981.26073	51347.77153
Apr-78	797700	26590	46200	15400	8713.93454	75932655.17	30	0.327714725	1590.939504	23471.75857	29708.24143
May-78	1170500	37758.06452	67800	16200	17907.66641	320684516.1	31	0.47427395	3216.311834	31454.09332	44062.03571
Jun-78	583200	19440	34700	13400	5601.637692	31378344.83	30	0.288150087	1022.714441	17435.4797	21444.5203
Jul-78	404500	13048.3871	14100	12000	543.9797593	295913.9785	31	0.041689425	97.70164896	12856.89186	13239.88233
Aug-78	627200	20232.25806	27800	14500	4359.157954	19002258.06	31	0.21545583	782.9278808	18697.71942	21766.79671
Sep-78	395300	13176.66667	15100	10900	1245.040737	1550126.437	30	0.094488293	227.3122989	12731.13456	13622.19877
Oct-78	340800	10993.54839	12400	10300	550.7180064	303290.3226	31	0.050094654	98.91187387	10799.68111	11187.41566
Nov-78	289700	9656.666667	10200	9210	350.7070035	122995.4023	30	0.036317605	64.03004563	9531.167777	9782.165556
Dec-78	332790	10735.16129	13500	9550	928.8375207	862739.1398	31	0.086522922	166.8241434	10408.18597	11062.13661
Jan-79	672900	21706.45161	37300	11400	7686.262008	59078623.66	31	0.354100345	1380.493409	19000.68453	24412.2187
Feb-79	1135300	40546.42857	103000	19700	22778.24632	518848505.3	28	0.561781817	4304.683933	32109.24806	48983.60908
Mar-79	1482500	47822.58065	94300	24700	23624.46062	558115139.8	31	0.494002212	4243.078386	39506.14701	56139.01428
Apr-79	1606500	53550	82600	18700	16789.996	281903965.5	30	0.313538674	3065.419849	47541.7771	59558.2229
May-79	890100	28712.90323	57500	15200	10491.67104	110075161.3	31	0.365399171	1884.359747	25019.55812	32406.24833
Jun-79	507800	16926.66667	24200	14000	3258.827093	10619954.02	30	0.192526217	594.9777033	15760.51037	18092.82297
Jul-79	476800	15380.64516	23200	12300	2849.025489	8116946.237	31	0.185234459	511.7000834	14377.713	16383.57732
Aug-79	441000	14225.80645	16600	13300	940.2013054	883978.4946	31	0.066091248	168.8651394	13894.83078	14556.78212
Sep-79	462500	15416.66667	32500	12300	5553.817161	30844885.06	30	0.3602476	1013.983646	13429.25872	17404.07461
Oct-79	511300	16493.54839	26800	13400	3351.809012	11234623.66	31	0.2032194	602.00267	15313.62315	17673.47362
Nov-79	530700	17690	25600	13300	3575.139255	12781620.69	30	0.202099449	652.7281387	16410.65285	18969.34715
Dec-79	543100	17519.35484	27100	13200	4092.629094	16749612.9	31	0.233606153	735.0578846	16078.64138	18960.06829
Jan-80	637200	20554.83871	35800	13200	8113.603339	65830559.14	31	0.394729604	1457.246178	17698.6362	23411.04122
Feb-80	764200	26351.72414	33200	20100	3529.328213	12456157.64	29	0.133931586	655.3797961	25067.17974	27636.26854
Mar-80	2007900	64770.96774	95400	27400	25289.27564	639547462.4	31	0.390441528	4542.087989	55868.47528	73673.4602
Apr-80	1917600	63920	109000	34100	20510.9794	420700275.9	30	0.32088516	3744.775364	56580.24029	71259.75971
May-80	1088200	35103.22581	68500	18200	14145.87063	200105655.9	31	0.402979222	2540.673367	30123.50601	40082.94561
Jun-80	563100	18770	28800	12900	4951.986714	24522172.41	30	0.263824545	904.1049425	16997.95431	20542.04569
Jul-80	476300	15364.51613	25100	10900	3418.337645	11685032.26	31	0.22248261	613.9515652	14161.17106	16567.8612
Aug-80	428100	13809.67742	14200	12800	313.4271193	98236.55914	31	0.022696194	56.29317243	13699.3428	13920.01204
Sep-80	337300	11243.33333	13100	10100	1099.116678	1208057.471	30	0.09775719	200.6703326	10850.01948	11636.64719
Oct-80	322700	10409.67742	10700	10200	164.0220284	26903.22581	31	0.015756687	29.45922595	10351.93734	10467.4175
Nov-80	308000	10266.66667	10300	10200	47.94633015	2298.850575	30	0.004670097	8.753762191	10249.50929	10283.82404
Dec-80	319800	10316.12903	10600	10300	58.29107532	3397.849462	31	0.005650479	10.46938619	10295.60904	10336.64903
Jan-81	314590	10148.06452	10700	9940	170.8492387	29189.46237	31	0.016835648	30.68542912	10087.92108	10208.20796
Feb-81	797290	28474.64286	53300	9840	15990.31802	255690270.2	28	0.561563427	3021.886061	22551.74618	34397.53954
Mar-81	523800	16896.77419	34700	12000	5197.530431	27014322.58	31	0.307604894	933.5040228	15067.10631	18726.44208
Apr-81	754700	25156.66667	72800	12000	18340.24561	336364609.2	30	0.729041167	3348.455411	18593.69406	31719.63927
May-81	329500	10629.03226	11600	10000	375.2275295	140795.6989	31	0.035302135	67.39285377	10496.94226	10761.12225
Jun-81	308800	10293.33333	10500	10100	108.0655399	11678.16092	30	0.010498595	19.72997797	10254.66258	10332.00409
Jul-81	304430	9820.322581	10500	9550	301.2914853	90776.55914	31	0.030680406	54.11354822	9714.260026	9926.385135
Aug-81	300170	9682.903226	9930	9580	87.6809956	7687.956989	31	0.009055238	15.7479717	9652.037201	9713.76925
Sep-81	273620	9120.666667	9670	7450	531.4257552	282413.3333	30	0.058266109	97.02462459	8930.498402	9310.834931
Oct-81	224290	7235.16129	7870	6480	328.8046124	108112.4731	31	0.045445374	59.05505171	7119.413389	7350.909192
Nov-81	193140	6438	6570	6300	71.50596792	5113.103448	30	0.011106861	13.05514388	6412.411918	6463.588082
Dec-81	246440	7949.677419	17400	6350	2484.132959	6170916.559	31	0.312482234	446.1634504	7075.197057	8824.157782
Jan-82	908300	29300	38000	17500	6861.000899	47073333.33	31	0.234163853	1232.272139	26884.74661	31715.25339
Feb-82	1354900	48389.28571	82400	17800	17100.90618	292440992.1	28	0.35340274	3231.767496	42055.02142	54723.55001
Mar-82	703800	22703.22581	34400	16000	5052.81993	25530989.25	31	0.222559559	907.5132497	20924.49984	24481.95178
Apr-82	749400	24980	52300	12900	10749.3833	115549241.4	30	0.430319588	1962.559905	21133.38259	28826.61741
May-82	615700	19861.29032	45200	13100	7652.567213	58561784.95	31	0.385300607	1374.441646	17167.3847	22555.19595
Jun-82	423100	14103.33333	19300	11800	2688.607297	7228609.195	30	0.190636301	490.8702882	13141.22757	15065.4391
Jul-82	475000	15322.58065	26300	11000	4977.597123	24776473.12	31	0.324853707	894.0028346	13570.33509	17074.8262
Aug-82	661100	21325.80645	31200	13500	4591.51157	21081978.49	31	0.215303069	824.6598222	19709.4732	22942.1397
Sep-82	399300	13310	15500	12200	804.4488368	647137.931	30	0.060439432	146.8715914	13022.13168	13597.86832
Oct-82	379800	12251.6129	12800	12000	191.2606733	36580.64516	31	0.015611061	34.351431	12184.2841	12318.94171
Nov-82	363300	12110	13800	11700	439.7099357	193344.8276	30	0.036309656	80.27968352	11952.65182	12267.34818
Dec-82	1012200	32651.6129	42500	13100	8817.893587	77755247.31	31	0.27005997	1583.740441	29547.48164	35755.74417
Jan-83	1140200	36780.64516	53500	24000	9556.931842	91334946.24	31	0.259835895	1716.47563	33416.35293	40144.9374
Feb-83	1445100	51610.71429	70800	32200	11263.22562	126860251.3	28	0.218234252	2128.549568	47438.75713	55782.67144
Mar-83	1691600	54567.74194	83200	36600	12668.02766	160478924.7	31	0.232152316	2275.244934	50108.26187	59027.22201
Apr-83	1813900	60463.33333	83200	28700	14207.27068	201846540.2	30	0.234973328	2593.880878	55379.32681	65547.33985
May-83	711200	22941.93548	29100	17900	3473.305265	12063849.46	31	0.151395477	623.8240411	21719.24036	24164.6306
Jun-83	594200	19806.66667	34200	17300	3373.2143	11378574.71	30	0.170307016	615.8618544	18599.57743	21013.7559
Jul-83	596000	19225.80645	33600	13300	6180.559184	38199311.83	31	0.321472038	1110.061199	17050.0865	21401.5264
Aug-83	386000	12451.6129	15700	11000	1039.830425	1081247.312	31	0.083509697	186.7590575	12085.56515	12817.66066
Sep-83	378700	12623.33333	15200	10700	1620.277399	2625298.851	30	0.128355749	295.820827	12043.52451	13203.14215
Oct-83	392800	12670.96774	13800	11200	1071.196698	1147462.366	31	0.084539454	192.3926065	12293.87823	13048.05725
Nov-83	429000	14300	27100	11000	3407.294406	11609655.17	30	0.238272336	622.0840022	13080.71536	15519.28464
Dec-83	1371800	44251.6129	70800	29200	12062.80429	145511247.3	31	0.272595811	2166.543608	40005.18743	48498.03837
Jan-84	1249300	40300	70400	23800	12528.3146	156958666.7	31	0.310876293	2250.151727	35889.70261	44710.29739
Feb-84	1092700	37679.31034	49200	26100	5586.167822	31205270.94	29	0.148255575	1037.325323	35646.15271	39712.46798
Mar-84	1569800	50638.70968	78200	29200	13408.37244	179784451.6	31	0.264785034	2408.214783	45918.6087	55358.81065
Apr-84	1135400	37846.66667	50500	27100	6143.610829	37743954.02	30	0.162328981	1121.664745	35648.20377	40045.12957
May-84	971100	31325.80645	52000	18200	11044.63573	121983978.5	31	0.352573069	1983.675137	27437.80318	35213.80972
Jun-84	540800	18026.66667	34200	12900	5506.981984	30326850.57	30	0.305490865	1005.432752	16056.01847	19997.31486
Jul-84	496000	16000	23900	13300	3099.354772	9606000	31	0.193709673	556.6605498	14908.94532	17091.05468
Aug-84	902700	29119.35484	53400	17900	11829.01572	139925612.9	31	0.406225199	2124.553941	24955.22911	33283.48056
Sep-84	458400	15280	18500	10900	2770.957758	7678206.897	30	0.181345403	505.9053566	14288.4255	16271.5745
Oct-84	341800	11025.80645	11200	10900	85.50922732	7311.827957	31	0.007755372	15.3579106	10995.70495	11055.90796
Nov-84	329800	10993.33333	12100	10800	267.7277739	71678.16092	30	0.024353648	48.88018035	10897.52818	11089.13849
Dec-84	410300	13235.48387	15300	12300	888.2748775	789032.2581	31	0.06711314	159.5388777	12922.78767	13548.18007
Jan-85	410700	13248.3871	14300	12500	563.8386103	317913.9785	31	0.042559038	101.2684039	13049.90103	13446.87317
Feb-85	933000	33321.42857	58800	14300	15696.2453	246372116.4	28	0.471055593	2966.311541	27507.45795	39135.39919
Mar-85	712500	22983.87097	35600	18600	5618.190502	31564064.52	31	0.244440569	1009.056802	21006.11964	24961.6223
Apr-85	489400	16313.33333	19400	11600	3192.743208	10193609.2	30	0.195713723	582.9124919	15170.82485	17455.84182
May-85	375000	12096.77419	13100	11200	580.5077496	336989.2473	31	0.047988641	104.2622697	11892.42014	12301.12824
Jun-85	310420	10347.33333	11600	9500	653.6894408	427309.8851	30	0.063174677	119.3468174	10113.41357	10581.2531
Jul-85	306790	9896.451613	11100	9590	268.8685972	72290.32258	31	0.027168182	48.29022561	9801.802771	9991.100455
Aug-85	420800	13574.19355	14700	11600	756.7332167	572645.1613	31	0.055747932	135.9132979	13307.80348	13840.58361
Sep-85	388000	12933.33333	14600	11500	840.9081025	707126.4368	30	0.065018668	153.5281122	12632.41823	13234.24843
Oct-85	327160	10553.54839	11800	9710	573.3965957	328783.6559	31	0.054332114	102.9850687	10351.69765	10755.39912
Nov-85	342270	11409	17500	9440	2556.064256	6533464.483	30	0.22403929	466.6713506	10494.32415	12323.67585
Dec-85	685500	22112.90323	40100	16000	6060.018808	36723827.96	31	0.274048991	1088.411508	19979.61667	24246.18978
Jan-86	615200	19845.16129	25000	17000	1927.146199	3713892.473	31	0.097109123	346.1256752	19166.75497	20523.56761
Feb-86	845700	30203.57143	48200	16500	9360.851581	87625542.33	28	0.309925321	1769.034667	26736.26348	33670.87938
Mar-86	934300	30138.70968	58800	13000	14943.79866	223317118.3	31	0.495834056	2683.985471	24878.09815	35399.3212
Apr-86	441900	14730	18000	10900	1641.309402	2693896.552	30	0.1114263	299.6607277	14142.66497	15317.33503
May-86	322870	10415.16129	11400	9760	602.6102719	363139.1398	31	0.057858948	108.2319999	10203.02657	10627.29601
Jun-86	290430	9681	10100	8900	288.5558573	83264.48276	30	0.02980641	52.68285071	9577.741613	9784.258387
Jul-86	253620	8181.290323	9390	5470	1012.105864	1024358.28	31	0.123709809	181.7795794	7825.002347	8537.578298
Aug-86	174730	5636.451613	6180	4680	332.5211611	110570.3226	31	0.058994769	59.72256357	5519.395388	5753.507838
Sep-86	194960	6498.666667	7500	5130	811.5873477	658674.023	30	0.124885209	148.1748992	6208.243864	6789.089469
Oct-86	189260	6105.16129	6320	5460	214.5828662	46045.80645	31	0.03514778	38.54022049	6029.622458	6180.700122
Nov-86	324980	10832.66667	24900	5920	6056.883194	36685834.02	30	0.559131318	1105.830518	8665.238852	13000.09448
Dec-86	676900	21835.48387	34100	15900	4021.156416	16169698.92	31	0.184156964	722.2210127	20419.93069	23251.03706
Jan-87	1117800	36058.06452	77400	17700	21600.61379	466586516.1	31	0.599050839	3879.584764	28454.07838	43662.05065
Feb-87	1062300	37939.28571	50100	23000	5722.880606	32751362.43	28	0.15084313	1081.522776	35819.50107	40059.07036
Mar-87	1461900	47158.06452	83500	32300	13083.87746	171187849.5	31	0.277447296	2349.933763	42552.19434	51763.93469
Apr-87	864100	28803.33333	47400	17400	10926.82505	119395505.7	30	0.37935974	1994.956188	24893.21921	32713.44746
May-87	494000	15935.48387	24200	11600	2936.386485	8622365.591	31	0.184267168	527.3905816	14901.79833	16969.16941
Jun-87	588300	19610	31300	14000	6059.438349	36716793.1	30	0.308997366	1106.297023	17441.65783	21778.34217
Jul-87	635800	20509.67742	32200	12500	7137.383033	50942236.56	31	0.348000746	1281.911835	17997.13022	23022.22462
Aug-87	381600	12309.67742	15800	11100	1007.424055	1014903.226	31	0.081840004	180.9387016	11955.03756	12664.31727
Sep-87	328300	10943.33333	11900	10200	444.6488993	197712.6437	30	0.040631943	81.18141078	10784.21777	11102.4489
Oct-87	282890	9125.483871	10200	8110	557.6189781	310938.9247	31	0.061105689	100.151325	8929.187274	9321.780468
Nov-87	238500	7950	9200	5790	973.3943454	947496.5517	30	0.12243954	177.7166801	7601.675307	8298.324693
Dec-87	294650	9504.83871	11000	8540	638.8368126	408112.4731	31	0.067211747	114.7384787	9279.951291	9729.726128
Jan-88	618100	19938.70968	38300	12400	8868.584157	78651784.95	31	0.444792281	1592.844736	16816.73399	23060.68536
Feb-88	712800	24579.31034	37100	16700	5728.025047	32810270.94	29	0.233042545	1063.667548	22494.52195	26664.09874
Mar-88	749500	24177.41935	37600	16800	6706.599222	44978473.12	31	0.277391029	1204.540779	21816.51943	26538.31928
Apr-88	570400	19013.33333	29100	13600	4679.134413	21894298.85	30	0.246097532	854.2891558	17338.92659	20687.74008
May-88	462300	14912.90323	21300	11500	2202.38385	4850494.624	31	0.147683105	395.5598166	14137.60599	15688.20047
Jun-88	277090	9236.333333	11300	7110	1175.650908	1382155.057	30	0.127285457	214.6435074	8815.632059	9657.034608
Jul-88	218810	7058.387097	7700	6770	195.7225379	38307.31183	31	0.027729074	35.15280553	6989.487598	7127.286596
Aug-88	177670	5731.290323	7000	5450	341.7478791	116791.6129	31	0.059628436	61.37973105	5610.98605	5851.594595
Sep-88	282350	9411.666667	12100	5500	1737.74345	3019752.299	30	0.184637165	317.2670956	8789.823159	10033.51017
Oct-88	385100	12422.58065	13900	11300	556.6025976	309806.4516	31	0.044805714	99.96877764	12226.64184	12618.51945
Nov-88	378400	12613.33333	13400	11500	372.0709363	138436.7816	30	0.029498224	67.93054826	12480.18946	12746.47721
Dec-88	357900	11545.16129	12800	10800	617.9744923	381892.4731	31	0.053526709	110.9914953	11327.61796	11762.70462
Jan-89	361600	11664.51613	14000	11000	883.3830378	780365.5914	31	0.075732506	158.6602773	11353.54199	11975.49027
Feb-89	289620	10343.57143	11800	8950	742.6938669	551594.1799	28	0.071802459	140.355948	10068.47377	10618.66909
Mar-89	503800	16251.6129	30600	10700	5587.001042	31214580.65	31	0.343781327	1003.45501	14284.84108	18218.38472
Apr-89	802900	26763.33333	44200	13800	10442.40306	109043781.6	30	0.390175728	1906.513236	23026.56739	30500.09928
May-89	426100	13745.16129	15000	11600	972.9127092	946559.1398	31	0.070782197	174.740281	13402.67034	14087.65224
Jun-89	766300	25543.33333	54400	10800	14157.40779	200432195.4	30	0.554250599	2584.777201	20477.17002	30609.49665
Jul-89	1054500	34016.12903	48500	20700	8546.46503	73042064.52	31	0.251247431	1534.990433	31007.54778	37024.71028
Aug-89	489800	15800	20900	14100	1515.035753	2295333.333	31	0.095888339	272.108454	15266.66743	16333.33257
Sep-89	449600	14986.66667	15600	14300	356.9345862	127402.2989	30	0.02381681	65.16704148	14858.93927	15114.39407
Oct-89	649200	20941.93548	43400	13600	8618.421131	74277182.8	31	0.411538902	1547.91413	17908.02379	23975.84718
Nov-89	567600	18920	25800	16000	2416.808953	5840965.517	30	0.127738317	441.246927	18055.15602	19784.84398
Dec-89	1025200	33070.96774	45200	18800	9543.660847	91081462.37	31	0.288581239	1714.092089	29711.34725	36430.58824
Jan-90	1555900	50190.32258	72800	26600	11603.02704	134630236.6	31	0.231180563	2083.965176	46105.75083	54274.89433
Feb-90	1524400	54442.85714	81400	34600	14272.10251	203692910.1	28	0.262148301	2697.173852	49156.39639	59729.31789
Mar-90	2203900	71093.54839	185000	28700	49401.83489	2440541290	31	0.694884923	8872.831476	53702.79869	88484.29808
Apr-90	773900	25796.66667	45700	15400	9029.586745	81533436.78	30	0.350029206	1648.569448	22565.47055	29027.86279
May-90	533800	17219.35484	18300	13700	1054.014344	1110946.237	31	0.061211024	189.3065645	16848.31397	17590.39571
Jun-90	464400	15480	17200	12300	1410.893578	1990620.69	30	0.091142996	257.5927464	14975.11822	15984.88178
Jul-90	298940	9643.225806	13000	8260	1116.155267	1245802.581	31	0.11574501	200.4674039	9250.309695	10036.14192
Aug-90	277120	8939.354839	9360	8330	279.2004714	77952.90323	31	0.031232732	50.14588499	8841.068904	9037.640773
Sep-90	254040	8468	8820	7940	294.798587	86906.2069	30	0.034813248	53.82261201	8362.50768	8573.49232
Oct-90	279920	9029.677419	13100	7130	1943.149478	3775829.892	31	0.215195891	348.9999488	8345.63752	9713.717319
Nov-90	273140	9104.666667	12700	6630	2414.951607	5831991.264	30	0.265243275	440.9078235	8240.487333	9968.846001
Dec-90	277210	8942.258065	14400	6420	2551.988388	6512644.731	31	0.285385231	458.3506451	8043.8908	9840.625329
Jan-91	509680	16441.29032	41800	7210	8915.663648	79489058.28	31	0.542272746	1601.300462	13302.74142	19579.83923
Feb-91	907200	32400	57900	18100	14091.10568	198559259.3	28	0.434910669	2662.968666	27180.58141	37619.41859
Mar-91	1404500	45306.45161	92400	17200	24542.30274	602324623.7	31	0.541695539	4407.927696	36666.91333	53945.9899
Apr-91	819600	27320	36200	19600	5168.832323	26716827.59	30	0.189195912	943.6953531	25470.35711	29169.64289
May-91	1239500	39983.87097	61100	24800	9787.921018	95803397.85	31	0.244796734	1757.962511	36538.26445	43429.47749
Jun-91	769700	25656.66667	42900	16700	7645.85456	58459091.95	30	0.298006544	1395.935671	22920.63275	28392.70058
Jul-91	933600	30116.12903	46400	21200	6900.874185	47622064.52	31	0.229142138	1239.433592	27686.83919	32545.41887
Aug-91	759200	24490.32258	34100	20100	3297.711817	10874903.23	31	0.13465367	592.2865268	23329.44099	25651.20417
Sep-91	567100	18903.33333	24500	16700	2306.136242	5318264.368	30	0.121996274	421.0409469	18078.09308	19728.57359
Oct-91	424420	13690.96774	16600	8690	2438.7734	5947615.699	31	0.178130096	438.0166332	12832.45514	14549.48034
Nov-91	310660	10355.33333	14700	7640	2610.304162	6813687.816	30	0.252073408	476.5741571	9421.247985	11289.41868
Dec-91	468800	15122.58065	15500	14400	323.2230163	104473.1183	31	0.021373536	58.05256747	15008.79761	15236.36368
Jan-92	741300	23912.90323	37000	14900	8026.030232	64417161.29	31	0.33563596	1441.517584	21087.52876	26738.27769
Feb-92	1154400	39806.89655	63800	23000	15298.13086	234032807.9	29	0.384308554	2840.791584	34238.94505	45374.84806
Mar-92	1274500	41112.90323	56500	26200	8531.695491	72789827.96	31	0.207518682	1532.337746	38109.52124	44116.28521
Apr-92	675000	22500	28900	19000	3169.79277	10047586.21	30	0.140879679	578.7223343	21365.70422	23634.29578
May-92	420430	13562.25806	20000	8080	4011.825611	16094744.73	31	0.295808087	720.5451505	12149.98957	14974.52656
Jun-92	403300	13443.33333	16000	11200	912.2474458	832195.4023	30	0.067858724	166.5528347	13116.88978	13769.77689
Jul-92	413200	13329.03226	15200	12100	834.3434738	696129.0323	31	0.062595953	149.8525116	13035.32134	13622.74318
Aug-92	404480	13047.74194	16600	8620	1789.351297	3201778.065	31	0.137138771	321.3769802	12417.84305	13677.64082
Sep-92	384500	12816.66667	15400	10800	1363.58638	1859367.816	30	0.106391655	248.9556732	12328.71355	13304.61979
Oct-92	387600	12503.22581	13700	10800	851.8543972	725655.914	31	0.06813077	152.9975663	12203.35058	12803.10104
Nov-92	834100	27803.33333	85000	13100	18718.92797	350398264.4	30	0.673262006	3417.593034	21104.85099	34501.81568
Dec-92	1360100	43874.19355	68600	28800	11139.83745	124095978.5	31	0.253904096	2000.77387	39952.67676	47795.71033
Jan-93	1492800	48154.83871	80000	22500	18377.55585	337734559.1	31	0.381634667	3300.70647	41685.45403	54624.22339
Feb-93	941200	33614.28571	40500	23800	4495.159066	20206455.03	28	0.133727639	849.5052137	31949.2555	35279.31593
Mar-93	1534200	49490.32258	61900	32400	7583.945975	57516236.56	31	0.153240989	1362.116907	46820.57344	52160.07172
Apr-93	1175300	39176.66667	70300	19300	16666.00263	277755643.7	30	0.425406346	3042.781861	33212.81422	45140.51911
May-93	635600	20503.22581	29900	16700	3532.938708	12481655.91	31	0.172311359	634.5345237	19259.53814	21746.91347
Jun-93	371230	12374.33333	19000	8830	3959.060916	15674163.33	30	0.31994135	722.8223233	10957.60158	13791.06509
Jul-93	349650	11279.03226	14700	8570	2597.313169	6746035.699	31	0.230278016	466.4912162	10364.70947	12193.35504
Aug-93	328560	10598.70968	13500	6550	2642.190684	6981171.613	31	0.249293618	474.5514559	9668.588824	11528.83053
Sep-93	277390	9246.333333	12000	5550	2511.507973	6307672.299	30	0.271622045	458.5365234	8347.601747	10145.06492
Oct-93	270770	8734.516129	11400	5760	2349.115917	5518345.591	31	0.268946314	421.9136738	7907.565328	9561.46693
Nov-93	380050	12668.33333	19000	5880	3711.646241	13776317.82	30	0.292986152	677.6507905	11340.13778	13996.52888
Dec-93	466200	15038.70968	16400	11500	1147.948146	1317784.946	31	0.076332888	206.1775735	14634.60163	15442.81772
Jan-94	548300	17687.09677	26100	15800	2624.975166	6890494.624	31	0.148411873	471.4594576	16763.03624	18611.15731
Feb-94	911500	32553.57143	42200	25400	4812.443912	23159616.4	28	0.147831519	909.4664135	30771.01726	34336.1256
Mar-94	1063400	34303.22581	55200	18900	11978.88375	143493655.9	31	0.349205752	2151.471034	30086.34258	38520.10903
Apr-94	840800	28026.66667	44200	19800	6118.481518	37435816.09	30	0.218309283	1117.076782	25837.19617	30216.13716
May-94	497550	16050	23400	8280	4407.810492	19428793.33	31	0.274629937	791.6661347	14498.33438	17601.66562
Jun-94	436600	14553.33333	18800	10300	2614.512987	6835678.161	30	0.179650457	477.34258	13617.74188	15488.92479
Jul-94	2380000	76774.19355	151000	16000	45577.41899	2077301121	31	0.593655457	8185.946102	60729.73919	92818.64791
Aug-94	1020500	32919.35484	48700	24000	6786.968855	46062946.24	31	0.206169559	1218.975591	30530.16268	35308.547
Sep-94	763700	25456.66667	36600	18100	5243.826145	27497712.64	30	0.20599029	957.3872892	23580.18758	27333.14575
Oct-94	955900	30835.48387	42200	19300	5007.364469	25073698.92	31	0.162389684	899.3492078	29072.75942	32598.20832
Nov-94	631300	21043.33333	27300	17100	2836.788292	8047367.816	30	0.134806984	517.9243129	20028.20168	22058.46499
Dec-94	1057200	34103.22581	45300	23200	7645.89144	58459655.91	31	0.224198482	1373.242641	31411.67023	36794.78138
Jan-95	835300	26945.16129	35600	20100	3677.212596	13521892.47	31	0.136470239	660.4468788	25650.68541	28239.63717
Feb-95	1439200	51400	84300	26400	19759.44219	390435555.6	28	0.384424945	3734.183577	44081.00019	58718.99981
Mar-95	1377200	44425.80645	57600	20000	11409.93625	130186645.2	31	0.256831269	2049.285046	40409.20776	48442.40514
Apr-95	649900	21663.33333	27100	18500	2868.074367	8225850.575	30	0.132393031	523.6363425	20637.0061	22689.66056
May-95	489300	15783.87097	19900	10200	3382.414993	11440731.18	31	0.214295657	607.4996663	14593.17162	16974.57031
Jun-95	444440	14814.66667	26500	8050	6027.090985	36325825.75	30	0.40683271	1100.39123	12657.89986	16971.43348
Jul-95	350950	11320.96774	16700	8010	3216.266319	10344369.03	31	0.284098179	577.6584836	10188.75711	12453.17837
Aug-95	353800	11412.90323	14000	7690	2520.694605	6353901.29	31	0.220863575	452.7301158	10525.5522	12300.25425
Sep-95	304510	10150.33333	13500	7540	2745.523609	7537899.885	30	0.270486054	501.2617375	9167.860328	11132.80634
Oct-95	460380	14850.96774	22000	7350	4260.509637	18151942.37	31	0.28688431	765.2101201	13351.15591	16350.77958
Nov-95	627000	20900	30600	13700	5315.364846	28253103.45	30	0.254323677	970.4484092	18997.92112	22802.07888
Dec-95	618800	19961.29032	35600	14100	7532.979819	56745784.95	31	0.377379403	1352.963115	17309.48262	22613.09803
Jan-96	780900	25190.32258	53900	16600	8727.899894	76176236.56	31	0.34647829	1567.577097	22117.87147	28262.77369
Feb-96	1360900	46927.58621	79100	27400	17404.10248	302902783.3	29	0.370871462	3231.860696	40593.13924	53262.03317
Mar-96	1502900	48480.64516	79200	27500	13370.97402	178782946.2	31	0.275800249	2401.497827	43773.70942	53187.5809
Apr-96	856900	28563.33333	45300	17700	8309.67377	69050678.16	30	0.29092101	1517.131923	25589.75476	31536.9119
May-96	651600	21019.35484	30000	10400	5759.07512	33166946.24	31	0.273989148	1034.360426	18992.0084	23046.70127
Jun-96	450020	15000.66667	20100	9900	4373.962879	19131551.26	30	0.291584566	798.5727115	13435.46415	16565.86918
Jul-96	411560	13276.12903	18500	7760	3747.959158	14047197.85	31	0.28230813	673.1533365	11956.74849	14595.50957
Aug-96	357880	11544.51613	14600	7550	2632.23712	6928672.258	31	0.228007574	472.763743	10617.89919	12471.13307
Sep-96	358270	11942.33333	13900	9310	1812.77399	3286149.54	30	0.151793953	330.9657354	11293.64049	12591.02617
Oct-96	432590	13954.51613	18500	9790	1802.96023	3250665.591	31	0.129202633	323.8212167	13319.82654	14589.20571
Nov-96	352060	11735.33333	13700	9450	1782.363277	3176818.851	30	0.151880072	325.4135241	11097.52283	12373.14384
Dec-96	487700	15732.25806	21600	12900	2207.621208	4873591.398	31	0.140324498	396.5004738	14955.11714	16509.39899
Jan-97	867500	27983.87097	44000	14000	9475.621238	89787397.85	31	0.338610096	1701.871814	24648.20221	31319.53972
Feb-97	1139400	40692.85714	64300	24000	15702.76995	246576984.1	28	0.385885166	2967.544585	34876.46976	46509.24453
Mar-97	1112500	35887.09677	60100	18600	15090.83037	227733161.3	31	0.420508532	2710.393147	30574.72621	41199.46734
Apr-97	540500	18016.66667	45500	10100	6178.610676	38175229.89	30	0.342938613	1128.054814	15805.67923	20227.6541
May-97	730100	23551.6129	53800	13700	10317.6506	106453914	31	0.438086795	1853.104753	19919.52759	27183.69822
Jun-97	583100	19436.66667	30100	14500	4437.107114	19687919.54	30	0.228285394	810.1012188	17848.86828	21024.46506
Jul-97	551900	17803.22581	27700	14700	4433.16921	19652989.25	31	0.249009323	796.220695	16242.63324	19363.81837
Aug-97	437900	14125.80645	17100	13300	915.4116531	837978.4946	31	0.064804205	164.4127864	13803.55739	14448.05551
Sep-97	343920	11464	13300	7210	2437.288771	5940376.552	30	0.212603696	444.986013	10591.82741	12336.17259
Oct-97	372430	12013.87097	15300	7390	2176.021871	4735071.183	31	0.18112579	390.8250653	11247.85384	12779.8881
Nov-97	705000	23500	36400	14900	7325.863489	53668275.86	30	0.311738872	1337.513562	20878.47342	26121.52658
Dec-97	1490800	48090.32258	104000	22100	21593.58477	466282903.2	31	0.449021417	3878.322314	40488.81084	55691.83432
Jan-98	1728700	55764.51613	76400	37200	8473.627652	71802365.59	31	0.151953756	1521.908454	52781.57556	58747.4567
Feb-98	2093900	74782.14286	113000	50000	16729.04003	279860780.4	28	0.223703673	3161.4914	68585.61971	80978.666
Mar-98	3233200	104296.7742	266000	30400	68955.81428	4754904323	31	0.661150019	12384.82985	80022.50769	128571.0407
Apr-98	1401600	46720	64700	28500	13155.4997	173067172.4	30	0.281581757	2401.854647	42012.36489	51427.63511
May-98	911300	29396.77419	45900	16300	9262.918326	85801655.91	31	0.315099822	1663.669244	26135.98248	32657.56591
Jun-98	438200	14606.66667	25200	10500	3975.956474	15808229.89	30	0.272201493	725.9070162	13183.88891	16029.44442
Jul-98	434310	14010	17100	9340	3331.328064	11097746.67	31	0.23778216	598.324183	12837.2846	15182.7154
Aug-98	412100	13293.54839	17300	10300	1943.353714	3776623.656	31	0.146187734	349.0366307	12609.43659	13977.66018
Sep-98	486110	16203.66667	36600	9110	5796.601551	33600589.54	30	0.357733942	1058.309809	14129.37944	18277.95389
Oct-98	599450	19337.09677	56700	9790	11643.50039	135571101.3	31	0.602132808	2091.234404	15238.27734	23435.91621
Nov-98	421650	14055	17500	9420	3322.431339	11038550	30	0.236387858	606.5901966	12866.08321	15243.91679
Dec-98	365760	11798.70968	19300	9020	4164.478953	17342884.95	31	0.352960541	747.9625001	10332.70318	13264.71618
Jan-99	511800	16509.67742	28600	10200	4775.238552	22802903.23	31	0.289238756	857.6581623	14828.66742	18190.68742
Feb-99	681100	24325	33800	18200	4961.901144	24620462.96	28	0.203983603	937.7111755	22487.0861	26162.9139
Mar-99	572500	18467.74194	23500	13000	3480.554275	12114258.06	31	0.188466694	625.1260019	17242.49497	19692.9889
Apr-99	367640	12254.66667	20100	8180	4312.413304	18596908.51	30	0.351899682	787.335348	10711.48938	13797.84395
May-99	287420	9271.612903	12200	7570	1523.999337	2322573.978	31	0.164372623	273.7183612	8735.124915	9808.100891
Jun-99	341310	11377	18800	6750	4603.795398	21194932.07	30	0.404658117	840.5341966	9729.552975	13024.44703
Jul-99	382600	12341.93548	15100	11000	817.2205714	667849.4624	31	0.066214944	146.7771476	12054.25227	12629.61869
Aug-99	362070	11679.67742	16900	7640	4043.807186	16352376.56	31	0.346225931	726.289211	10256.15057	13103.20427
Sep-99	220150	7338.333333	7840	6630	344.4344023	118635.0575	30	0.046936326	62.88483057	7215.079065	7461.587601
Oct-99	205320	6623.225806	8240	6270	430.870337	185649.2473	31	0.065054454	77.38659701	6471.548076	6774.903537
Nov-99	203360	6778.666667	7380	6000	254.3515533	64694.71264	30	0.037522357	46.43802775	6687.648132	6869.685201
Dec-99	254940	8223.870968	11500	5870	1821.507942	3317891.183	31	0.221490336	327.1524841	7582.652099	8865.089837
Jan-00	409040	13194.83871	22600	7860	4636.091652	21493345.81	31	0.351356447	832.6666414	11562.81209	14826.86533
Feb-00	545700	18817.24138	23100	10100	4204.08551	17674334.98	29	0.223416675	780.6790805	17287.11038	20347.37238
Mar-00	507100	16358.06452	28800	9760	6768.853384	45817376.13	31	0.413793048	1215.721956	13975.24948	18740.87955
Apr-00	574800	19160	39700	10300	9088.856383	82607310.34	30	0.4743662	1659.390554	15907.59451	22412.40549
May-00	282620	9116.774194	19500	5590	5100.436182	26014449.25	31	0.559456237	916.0653809	7321.286047	10912.26234
Jun-00	164460	5482	6220	5240	179.6433248	32271.72414	30	0.032769669	32.79823376	5417.715462	5546.284538
Jul-00	166970	5386.129032	5570	5190	121.2621793	14704.51613	31	0.02251379	21.77933034	5343.441545	5428.81652
Aug-00	172660	5569.677419	6000	5480	99.98279422	9996.55914	31	0.017951272	17.95743995	5534.480837	5604.874002
Sep-00	167450	5581.666667	5980	5440	116.8578073	13655.74713	30	0.020936006	21.33521903	5539.849637	5623.483696
Oct-00	169530	5468.709677	5530	5400	32.83716751	1078.27957	31	0.006004555	5.897729388	5457.150128	5480.269227
Nov-00	177030	5901	7530	5440	683.5725121	467271.3793	30	0.115840114	124.8026949	5656.386718	6145.613282
Dec-00	286540	9243.225806	16700	6270	3079.829419	9485349.247	31	0.333198548	553.1536929	8159.044568	10327.40704
Jan-01	440200	14200	21200	10800	3145.155004	9892000	31	0.221489789	564.8865144	13092.82243	15307.17757
Feb-01	314710	11239.64286	14200	8160	2352.89181	5536099.868	28	0.209338663	444.6547564	10368.11953	12111.16618
Mar-01	1477400	47658.06452	75200	11800	16809.67527	282565182.8	31	0.352714183	3019.106804	41740.61518	53575.51385
Apr-01	869700	28990	69200	14000	16323.37757	266452655.2	30	0.56306925	2980.227369	23148.75436	34831.24564
May-01	376190	12135.16129	21300	8380	3218.375233	10357939.14	31	0.26521075	578.0372557	11002.20827	13268.11431
Jun-01	639200	21306.66667	41800	10900	8518.375	72562712.64	30	0.399798576	1555.23538	18258.40532	24354.92801
Jul-01	388680	12538.06452	18600	8000	4185.589102	17519156.13	31	0.33383056	751.7539948	11064.62669	14011.50235
Aug-01	334830	10800.96774	15200	8070	1872.585298	3506575.699	31	0.173371992	336.326248	10141.7683	11460.16719
Sep-01	212240	7074.666667	8710	5870	969.9368388	940777.4713	30	0.137100005	177.0854287	6727.579227	7421.754107
Oct-01	185570	5986.129032	6320	5790	143.9832726	20731.1828	31	0.024052818	25.86015917	5935.44312	6036.814944
Nov-01	182270	6075.666667	6750	5770	321.4587798	103335.7471	30	0.052909219	58.69007501	5960.63412	6190.699214
Dec-01	227010	7322.903226	7540	7190	88.47574238	7827.956989	31	0.012082058	15.89071243	7291.757429	7354.049022
Jan-02	271170	8747.419355	19400	6690	3477.643807	12094006.45	31	0.39756226	624.6032664	7523.196953	9971.641757
Feb-02	389900	13925	23100	8870	4738.421756	22452640.74	28	0.340281634	895.477541	12169.86402	15680.13598
Mar-02	460770	14863.54839	19400	9160	2969.660529	8818883.656	31	0.199794857	533.3667762	13818.14951	15908.94727
Apr-02	456840	15228	20500	8640	3642.948219	13271071.72	30	0.239226965	665.1083051	13924.38772	16531.61228
May-02	274270	8847.419355	11200	7210	1289.609677	1663093.118	31	0.145761111	231.6207355	8393.442713	9301.395996
Jun-02	211720	7057.333333	7980	6470	453.6817458	205827.1264	30	0.064285152	82.83057536	6894.985406	7219.681261
Jul-02	199260	6427.741935	7050	6130	245.4887598	60264.73118	31	0.038192068	44.09108285	6341.323413	6514.160458
Aug-02	190730	6152.580645	6760	5700	433.889139	188259.7849	31	0.070521487	77.92878986	5999.840217	6305.321073
Sep-02	207640	6921.333333	9730	5690	1404.030487	1971301.609	30	0.202855493	256.3397231	6418.907476	7423.759191
Oct-02	237040	7646.451613	13600	5840	1630.931326	2659936.989	31	0.213292571	292.9239133	7072.320743	8220.582483
Nov-02	499520	16650.66667	28500	8480	7115.58122	50631496.09	30	0.427345124	1299.121448	14104.38863	19196.9447
Dec-02	593000	19129.03226	47900	11200	10711.5263	114736795.7	31	0.559961746	1923.846916	15358.2923	22899.77221
Jan-03	577100	18616.12903	41300	12100	7740.159205	59910064.52	31	0.41577705	1390.173632	15891.38871	21340.86935
Feb-03	648800	23171.42857	40600	12000	8131.277388	66117671.96	28	0.35091826	1536.666986	20159.56128	26183.29586
Mar-03	1491300	48106.45161	66300	29900	9245.428978	85477956.99	31	0.192186883	1660.528064	44851.81661	51361.08662
Apr-03	1009300	33643.33333	64000	19000	13773.85538	189719092	30	0.409408165	2514.750431	28714.42249	38572.24418
May-03	1234600	39825.80645	76300	24500	14415.98575	207820645.2	31	0.361975991	2589.187475	34750.999	44900.6139
Jun-03	1082700	36090	63400	19800	12207.8649	149031965.5	30	0.338261704	2228.840996	31721.47165	40458.52835
Jul-03	1120500	36145.16129	67600	23400	11615.27267	134914559.1	31	0.321350694	2086.164556	32056.27876	40234.04382
Aug-03	833700	26893.54839	41400	18700	6992.516737	48895290.32	31	0.260007219	1255.893081	24431.99795	29355.09882
Sep-03	422390	14079.66667	18700	9830	3163.494885	10007699.89	30	0.224685354	577.572503	12947.62456	15211.70877
Oct-03	364290	11751.29032	15300	8090	2321.068349	5387358.28	31	0.197516042	416.8761818	10934.21301	12568.36764
Nov-03	379190	12639.66667	19500	9310	3616.362702	13078079.2	30	0.286112189	660.2544761	11345.56789	13933.76544
Dec-03	504300	16267.74194	24000	10800	4017.079129	16136924.73	31	0.246935263	721.4887103	14853.62406	17681.85981
Jan-04	515400	16625.80645	33800	10300	6448.719136	41585978.49	31	0.387874065	1158.224148	14355.68712	18895.92578
Feb-04	863800	29786.2069	45000	20600	7389.892911	54610517.24	29	0.248097817	1372.268663	27096.56032	32475.85348
Mar-04	508400	16400	29200	12000	5818.705469	33857333.33	31	0.354799114	1045.070353	14351.66211	18448.33789
Apr-04	341140	11371.33333	11900	9730	800.123841	640198.1609	30	0.070363239	146.0819588	11085.01269	11657.65397
May-04	302930	9771.935484	12800	7690	1520.634559	2312329.462	31	0.155612423	273.1140293	9236.631987	10307.23898
Jun-04	271910	9063.666667	14400	7310	2157.02938	4652775.747	30	0.237986398	393.8178829	8291.783616	9835.549717
Jul-04	376650	12150	14400	9040	2040.779263	4164780	31	0.167965371	366.5347759	11431.59184	12868.40816
Aug-04	279640	9020.645161	13900	7650	1424.188507	2028312.903	31	0.157881003	255.7918069	8519.29322	9521.997103
Sep-04	754450	25148.33333	54900	7210	14801.11344	219072959.2	30	0.58855246	2702.301237	19851.82291	30444.84376
Oct-04	524200	16909.67742	33300	10800	6483.07308	42030236.56	31	0.383394249	1164.394299	14627.46459	19191.89024
Nov-04	591500	19716.66667	44900	10200	10216.11585	104369023	30	0.518146197	1865.199033	16060.87656	23372.45677
Dec-04	774500	24983.87097	44200	19500	5102.554705	26036064.52	31	0.204233952	916.4458789	23187.63705	26780.10489
Jan-05	646400	20851.6129	29900	15800	4498.360514	20235247.31	31	0.215732017	807.9293987	19268.07128	22435.15452
Feb-05	695100	24825	31300	19800	3877.248452	15033055.56	28	0.156183221	732.7310839	23388.84708	26261.15292
Mar-05	1060900	34222.58065	103000	20900	19089.43355	364406473.1	31	0.557802281	3428.563478	27502.59623	40942.56506
Apr-05	1636700	54556.66667	120000	21600	33306.83562	1109345299	30	0.610499828	6080.968396	42637.96861	66475.36472
May-05	668200	21554.83871	33900	15500	6088.942914	37075225.81	31	0.282486127	1093.606431	19411.3701	23698.30731
Jun-05	869300	28976.66667	49900	15600	10922.57022	119302540.2	30	0.37694364	1994.179365	25068.07511	32885.25822
Jul-05	1538200	49619.35484	93700	17200	27218.60172	740852279.6	31	0.548548078	4888.605183	40037.68868	59201.021
Aug-05	1000400	32270.96774	44400	20000	7690.001888	59136129.03	31	0.238294741	1381.165112	29563.88412	34978.05136
Sep-05	476000	15866.66667	28600	10300	5455.104116	29758160.92	30	0.343809083	995.9611927	13914.58273	17818.7506
Oct-05	323520	10436.12903	12300	8770	1095.681454	1200517.849	31	0.104989259	196.7901985	10050.42024	10821.83782
Nov-05	344700	11490	17700	8760	2680.569934	7185455.172	30	0.233295904	489.4028733	10530.77037	12449.22963
Dec-05	554800	17896.77419	20200	14200	1797.124346	3229655.914	31	0.100416104	322.7730609	17264.13899	18529.40939
Jan-06	755100	24358.06452	35500	17800	4904.404428	24053182.8	31	0.201346229	880.8570386	22631.58472	26084.54431
Feb-06	622100	22217.85714	41100	17200	5027.557655	25276335.98	28	0.226284543	950.1190899	20355.62373	24080.09056
Mar-06	825500	26629.03226	47500	19900	7607.767677	57878129.03	31	0.285694486	1366.395411	23950.89725	29307.16726
Apr-06	489600	16320	21700	13000	2380.727214	5667862.069	30	0.145877893	434.6593328	15468.06771	17171.93229
May-06	445920	14384.51613	20000	9620	3313.261071	10977698.92	31	0.230335247	595.0792554	13218.16079	15550.87147
Jun-06	223500	7450	9390	6280	869.7522438	756468.9655	30	0.116745268	158.7943078	7138.763157	7761.236843
Jul-06	190190	6135.16129	6520	5530	310.7289383	96552.47312	31	0.050647232	55.80856482	6025.776503	6244.546077
Aug-06	179640	5794.83871	6080	5510	171.9471036	29565.80645	31	0.029672457	30.88261148	5734.308791	5855.368628
Sep-06	192070	6402.333333	7140	5670	438.2385064	192052.9885	30	0.068449811	80.01103851	6245.511698	6559.154969
Oct-06	186430	6013.870968	6860	5270	482.857311	233151.1828	31	0.0802906	86.72373318	5843.892451	6183.849485
Nov-06	343220	11440.66667	19000	6410	4922.154654	24227606.44	30	0.430233202	898.6583785	9679.296245	13202.03709
Dec-06	286090	9228.709677	15500	7150	2854.663719	8149104.946	31	0.309324252	512.7127394	8223.792708	10233.62665
Jan-07	665500	21467.74194	30800	15600	5418.326131	29358258.06	31	0.252393854	973.1601013	19560.34814	23375.13573
Feb-07	551600	19700	28800	14500	3901.281841	15220000	28	0.198034611	737.2729675	18254.94498	21145.05502
Mar-07	624700	20151.6129	37600	10800	8976.297342	80573913.98	31	0.445438158	1612.190595	16991.71934	23311.50647
Apr-07	403670	13455.66667	24200	9250	3926.698783	15418963.33	30	0.291824915	716.9138333	12050.51555	14860.81778
May-07	219310	7074.516129	9740	5560	1049.164235	1100745.591	31	0.148301907	188.4354593	6705.182629	7443.849629
Jun-07	166140	5538	5590	5490	35.17444213	1237.241379	30	0.00635147	6.421945134	5525.412988	5550.587012
Jul-07	172140	5552.903226	5630	5490	39.17427288	1534.623656	31	0.007054737	7.035907113	5539.112848	5566.693604
Aug-07	170740	5507.741935	5560	5490	18.20433601	331.3978495	31	0.003305227	3.269595267	5501.333529	5514.150342
Sep-07	166930	5564.333333	5900	5500	108.4906903	11770.22989	30	0.019497518	19.80759945	5525.510438	5603.156228
Oct-07	171100	5519.354839	5620	5490	28.62813114	819.5698925	31	0.005186862	5.14176414	5509.276981	5529.432696
Nov-07	163400	5446.666667	5520	5330	71.01885778	5043.678161	30	0.013038958	12.96621014	5421.252895	5472.080439
Dec-07	188850	6091.935484	7880	5370	850.6288629	723569.4624	31	0.139631955	152.7774538	5792.491674	6391.379293
Jan-08	424910	13706.77419	21300	9510	3015.486016	9093155.914	31	0.219999686	541.5972767	12645.24353	14768.30486
Feb-08	798100	27520.68966	53100	14600	12651.88804	160070270.9	29	0.459722783	2349.396628	22915.87226	32125.50705
Mar-08	746800	24090.32258	40400	12400	8097.50393	65569569.89	31	0.336130988	1454.354639	21239.78749	26940.85767
Apr-08	564600	18820	36100	11700	8105.357955	65696827.59	30	0.430677893	1479.82913	15919.53491	21720.46509
May-08	301870	9737.741935	13200	6630	2044.395118	4179551.398	31	0.209945502	367.1842026	9018.060898	10457.42297
Jun-08	185420	6180.666667	6640	5950	221.7163975	49158.16092	30	0.03587257	40.47969076	6101.326473	6260.006861
Jul-08	201880	6512.258065	7750	5970	466.4026135	217531.3978	31	0.071619185	83.76838226	6348.072035	6676.444094
Aug-08	421150	13585.48387	39800	5800	13260.2164	175833338.9	31	0.976057719	2381.605171	8917.537736	18253.43001
Sep-08	314290	10476.33333	33100	6270	5868.649309	34441044.71	30	0.560181613	1071.46387	8376.264149	12576.40252
Oct-08	247970	7999.032258	12300	6120	1877.040853	3523282.366	31	0.234658493	337.1264894	7338.264339	8659.800177
Nov-08	333560	11118.66667	17500	8900	2230.190549	4973749.885	30	0.200580755	407.1752237	10320.60323	11916.73011
Dec-08	948600	30600	82000	13800	21296.08728	453523333.3	31	0.695950565	3824.890187	23103.21523	38096.78477
Jan-09	567600	18309.67742	25700	14100	4084.144532	16680236.56	31	0.223059338	733.5340122	16871.95076	19747.40408
Feb-09	332200	11864.28571	15100	11000	1147.36874	1316455.026	28	0.096707781	216.8323107	11439.29439	12289.27704
Mar-09	977500	31532.25806	86300	11900	14594.6654	213004258.1	31	0.462848724	2621.279287	26394.55066	36669.96547
Apr-09	1806800	60226.66667	107000	18500	30365.53097	922065471.3	30	0.504187475	5543.962095	49360.50096	71092.83237
May-09	698500	22532.25806	38000	17200	5515.274976	30418258.06	31	0.244772404	990.5726279	20590.73571	24473.78042
Jun-09	487480	16249.33333	23300	9130	5521.833112	30490640.92	30	0.339819056	1008.144185	14273.37073	18225.29594
Jul-09	299020	9645.806452	11800	7080	1383.690173	1914598.495	31	0.143449921	248.5180914	9158.710992	10132.90191
Aug-09	285330	9204.193548	10200	7800	650.0039702	422505.1613	31	0.070620415	116.7441594	8975.374996	9433.012101
Sep-09	633110	21103.66667	57000	8480	15819.6071	250259968.9	30	0.749614148	2888.251887	15442.69297	26764.64036
Oct-09	710000	22903.22581	37300	13000	6948.596207	48282989.25	31	0.303389412	1248.00472	20457.13655	25349.31506
Nov-09	1060200	35340	75100	18300	16349.11365	267293517.2	30	0.462623476	2984.926114	29489.54482	41190.45518
Dec-09	2194900	70803.22581	121000	24900	24100.98869	580857655.9	31	0.340393936	4328.665353	62319.04171	79287.4099
Jan-10	1624600	52406.45161	93100	27900	24612.13705	605757290.3	31	0.469639449	4420.470309	43742.32981	61070.57342
Feb-10	1683700	60132.14286	83400	36400	17657.71374	311794854.5	28	0.293648503	3336.994234	53591.63416	66672.65156
Mar-10	1328700	42861.29032	73500	28600	12829.41094	164593784.9	31	0.299323955	2304.230226	38344.99908	47377.58157
Apr-10	635200	21173.33333	28300	18300	2758.552011	7609609.195	30	0.130284257	503.6403874	20186.19817	22160.46849
May-10	944100	30454.83871	70800	17200	14906.61685	222207225.8	31	0.489466288	2677.307421	25207.31616	35702.36125
Jun-10	440000	14666.66667	23000	10100	3852.391405	14840919.54	30	0.26266305	703.3472244	13288.10611	16045.22723
Jul-10	316710	10216.45161	11300	8250	844.1388053	712570.3226	31	0.08262544	151.6118051	9919.292475	10513.61075
Aug-10	282220	9103.870968	10400	7970	731.731633	535431.1828	31	0.080375879	131.422881	8846.282121	9361.459814
Sep-10	215090	7169.666667	10300	6350	960.902892	923334.3678	30	0.13402337	175.4360632	6825.811983	7513.52135
Oct-10	220850	7124.193548	10500	5730	1647.259895	2713465.161	31	0.231220542	295.8566109	6544.314591	7704.072506
Nov-10	232370	7745.666667	9160	5770	983.3850171	967046.092	30	0.126959377	179.5407189	7393.766858	8097.566476
Dec-10	304250	9814.516129	14000	7870	2321.117315	5387585.591	31	0.236498395	416.8849765	8997.421575	10631.61068
Jan-11	335740	10830.32258	13200	7910	1643.245739	2700256.559	31	0.151726389	295.1356473	10251.85671	11408.78845
Feb-11	554040	19787.14286	36100	8790	8991.123136	80840295.24	28	0.454392188	1699.162559	16456.78424	23117.50147
Mar-11	662400	21367.74194	32100	11700	5846.673533	34183591.4	31	0.273621497	1050.093566	19309.55855	23425.92532
Apr-11	594400	19813.33333	28200	13000	5037.290824	25374298.85	30	0.254237424	919.6792711	18010.76196	21615.9047
May-11	250390	8077.096774	12800	5550	2552.524494	6515381.29	31	0.316020046	458.4469326	7178.540786	8975.652762
Jun-11	161510	5383.666667	5840	5090	231.6430568	53658.50575	30	0.043027006	42.29204249	5300.774263	5466.55907
Jul-11	200920	6481.290323	8360	5580	1017.476427	1035258.28	31	0.156986707	182.744161	6123.111767	6839.468878
Aug-11	176070	5679.677419	6460	5530	238.7814045	57016.55914	31	0.042041367	42.88640628	5595.620063	5763.734776
Sep-11	172720	5757.333333	7580	5270	755.9416751	571447.8161	30	0.131300661	138.0154359	5486.823079	6027.843588
Oct-11	186120	6003.870968	7930	5660	589.2745677	347244.5161	31	0.098149106	105.8368367	5796.430768	6211.311168
Nov-11	189730	6324.333333	8010	5670	812.6656153	660425.4023	30	0.128498226	148.3717631	6033.524678	6615.141989
Dec-11	189140	6101.290323	6520	5930	131.1422112	17198.27957	31	0.021494177	23.55383646	6055.124803	6147.455842
Jan-12	345990	11160.96774	30800	5740	8399.060406	70544215.7	31	0.752538722	1508.515781	8204.276811	14117.65867
Feb-12	325550	11225.86207	18900	6030	3617.779032	13088325.12	29	0.322271823	671.8047008	9909.124855	12542.59928
Mar-12	506810	16348.70968	28300	9710	5172.377108	26753484.95	31	0.316378308	928.9863527	14527.89643	18169.52293
Apr-12	294150	9805	14500	6790	2363.020787	5583867.241	30	0.24100161	431.4265964	8959.403871	10650.59613
May-12	180020	5807.096774	6590	5590	178.1982706	31754.62366	31	0.030686293	32.00535422	5744.36628	5869.827268
Jun-12	172810	5760.333333	5920	5650	87.23663155	7610.229885	30	0.015144372	15.92715698	5729.116106	5791.550561
Jul-12	182700	5893.548387	6640	5670	260.5321271	67876.98925	31	0.044206327	46.79295137	5801.834202	5985.262572
Aug-12	191070	6163.548387	7080	5710	387.2255879	149943.6559	31	0.062825107	69.54776866	6027.234761	6299.862014
Sep-12	174610	5820.333333	6440	5610	203.4272442	41382.64368	30	0.034951133	37.14056348	5747.537829	5893.128838
Oct-12	172600	5567.741935	5900	5420	121.2080767	14691.39785	31	0.021769701	21.76961322	5525.073494	5610.410377
Nov-12	161780	5392.666667	5440	5360	18.37039097	337.4712644	30	0.00340655	3.353959175	5386.092907	5399.240427
Dec-12	170750	5508.064516	5970	5390	141.0772685	19902.7957	31	0.025612857	25.33822543	5458.401594	5557.727438
Jan-13	264760	8540.645161	11000	5600	1519.754225	2309652.903	31	0.177943726	272.9559165	8005.651565	9075.638758
Feb-13	1181660	42202.14286	114000	8310	31634.83984	1000763092	28	0.749602691	5978.422784	30484.4342	53919.85151
Mar-13	1272000	41032.25806	112000	26900	22310.46671	497756924.7	31	0.543729928	4007.078111	33178.38497	48886.13116
Apr-13	689800	22993.33333	30800	18200	2819.627431	7950298.851	30	0.122628041	514.7911826	21984.34262	24002.32405
May-13	645500	20822.58065	30200	12000	4408.605953	19435806.45	31	0.211722362	791.8090038	19270.635	22374.52629
Jun-13	450000	15000	21200	9900	3365.852866	11328965.52	30	0.224390191	614.5178467	13795.54502	16204.45498
Jul-13	1062400	34270.96774	49900	13500	9876.105628	97537462.37	31	0.288177028	1773.800934	30794.31791	37747.61757
Aug-13	920700	29700	53400	14500	12339.09775	152253333.3	31	0.415457837	2216.167378	25356.31194	34043.68806
Sep-13	471400	15713.33333	30300	10300	4776.93693	22819126.44	30	0.30400532	872.1453708	14003.92841	17422.73826
Oct-13	323410	10432.58065	13200	7620	1692.843698	2865719.785	31	0.162265096	304.0437036	9836.654986	11028.5063
Nov-13	283710	9457	16800	7530	2106.134144	4435801.034	30	0.22270637	384.5257267	8703.329576	10210.67042
Dec-13	768200	24780.64516	56600	12200	13658.31662	186549612.9	31	0.551168726	2453.106082	19972.55724	29588.73308
